21.3
21.3
22.4
22.4
24.0642
22.3046
26.4874
26.4874
24.5226
29.9622
35.9788
26.3403
39.5366
39.5366
32.3344
43.4881
34.9806
46.4892
46.4892
46.4892
46.4892
35.2255
47.0792
38.5282
43.857
43.857
49.6283
46.0093
38.7964
41.3869
41.3869
45.752
41.1665
54.4009
32.877
32.877
44.488
51.4481
23.8355
55.4156
55.4156
55.4156
41.5353
51.8453
54.0548
54.0548
54.0548
40.3662
51.9831
3.87786
3.87786
3.87786
38.8191
55.5219
-6.324
38.5419
-15.2702
52.8242
-15.2702
32.7847
50.4647
-19.2336
31.5068
-19.2336
49.4487
30.9404
49.4487
-17.7388
29.5852
-16.4032
49.4487
29.1063
-14.3661
28.8311
-11.3675
-11.3675
24.6887
-12.4771
51.878
24.0543
49.5396
50.4245
50.4245
-15.46
50.4245
20.6557
49.8377
51.7886
-18.1336
51.7886
10.3378
51.1509
50.6294
50.6294
50.6294
9.49079
50.6294
-0.114426
-19.8686
46.215
46.215
-19.8686
-13.1769
45.0701
-12.9019
-12.9019
-6.41867
46.4191
46.4191
45
11.1726
11.1726
43.7134
24.1364
24.1364
43.7134
36.0607
36.0607
45.0095
36.0607
47.8607
47.8607
47.8607
42.0124
47.8607
46.9886
45.4745
45.4745
45.4745
47.8607
47.0374
44.0096
44.0096
47.0831
35.8301
35.8301
41.6848
47.8162
27.7402
27.7402
41.1179
47.8463
17.96
17.96
17.96
39.3527
49.3853
60.1315
-1.64012
60.1315
35.8227
50.9911
63.0765
63.0765
63.0765
26.8462
51.4059
60.3321
60.3321
24.5632
51.424
57.9951
57.9951
-51.7565
57.9951
20.4745
51.7799
55.5096
55.5096
-59.4449
17.2043
51.8556
-65.0105
56.6863
-65.0105
14.6559
52.0336
-70.5772
-70.5772
10.2038
52.6153
-72.8982
-72.8982
8.74867
52.824
-74.2673
-1.44642
52.9254
53.1888
-75.4553
53.1888
-2.8201
49.3404
-6.60061
-62.6265
-62.6265
-10.4077
-52.3926
49.6927
-52.3926
-52.3926
-14.038
48.4359
-49.1316
-49.1316
52.7781
-49.1316
-14.2077
49.3753
54.1309
54.1309
-50.3768
54.1309
-14.7833
50.7338
-51.4509
-51.4509
-15.0123
51.7017
-52.8434
54.1238
-52.8434
-17.1917
52.5885
54.1238
-55.697
-17.2137
54.0485
51.367
-18.4191
51.367
51.367
-19.0261
-51.3768
-51.3768
-51.3768
-51.3768
-19.4385
56.5163
56.5163
-19.4921
52.3603
-57.6984
52.8573
52.8573
-19.5929
52.7741
-54.8551
-20.4144
-50.1011
-50.1011
-21.0242
53.5849
-49.0793
53.5849
-22.2698
52.5345
-50.3599
52.1011
-22.7054
-51.6264
-23.5861
52.1651
53.5596
-54.15
-23.5976
52.9136
52.214
52.214
-39.8864
51.1712
51.1712
-50.7189
45.9534
45.9534
47.0136
47.0136
-33.524
48.3581
48.3581
48.3581
-12.4616
45.9579
45.9579
-12.4616
4.99965
21.8188
21.8188
21.8188
44.0743
37.5103
44.0743
65.9471
65.9471
46.1901
46.1901
77.862
77.862
77.862
48.5638
84.9356
84.9356
47.0708
50.8994
86.9909
47.535
86.9909
50.8994
50.8994
47.5631
50.8994
50.8994
50.8994
86.9909
47.7303
86.9909
48.095
86.9909
50.8994
86.9909
48.1925
85.5146
51.9963
86.2083
48.6291
48.6541
48.6541
86.8146
46.2113
46.2113
46.2113
46.2113
107.309
107.309
118.402
118.402
46.2566
46.2566
129.611
50.0677
136.356
46.7794
140.334
140.334
48.9094
47.7785
144.347
50.0462
48.7384
51.2762
145.586
51.2762
49.143
51.2762
51.2762
51.2762
145.586
49.4069
146.849
146.849
50.2495
146.849
49.6102
52.7966
49.8853
54.1214
142.6
54.1214
54.1214
144.959
50.3867
51.6531
139.986
144.69
50.5114
141.467
141.467
142.719
142.649
142.649
50.9081
53.1381
53.1381
141.316
141.935
51.0272
139.87
139.87
141.795
51.0531
137.295
137.295
141.713
51.953
132.25
54.5447
141.598
52.4645
126.632
55.9761
55.9761
141.357
52.6037
119.179
119.179
119.179
139.639
52.922
57.5273
111.436
111.436
139.519
52.9942
100.842
139.452
53.0132
57.5273
137.809
53.2083
50.7353
82.417
50.7353
50.7353
137.677
47.9612
47.9612
136.955
82.3329
47.9612
135.966
82.3329
46.6483
85.2201
134.468
45.5888
89.5715
132.731
95.3036
95.3036
45.5888
127.884
95.3036
48.2407
127.68
46.9852
100.968
47.2298
126.321
47.2294
47.2298
49.8813
125.775
49.1443
48.7817
48.7817
102.442
102.442
124.936
101.132
51.1867
51.1867
51.1867
118.512
50.0268
101.132
51.1867
98.0462
116.473
51.1433
51.1867
51.1867
105.321
51.1867
51.1867
105.173
51.1867
87.2161
87.2161
87.2161
100.615
87.2161
84.6027
100.561
80.2698
52.4172
80.2698
80.2698
100.193
51.9072
51.282
51.282
75.0252
99.2544
51.282
52.3313
52.3313
98.6492
51.7799
43.9701
43.9701
43.9701
53.931
97.3301
51.9879
53.931
56.3805
34.7382
34.7382
95.5157
56.3805
52.4226
56.3805
56.3805
94.5429
52.8888
54.0247
9.51755
93.9684
52.911
-0.351772
-0.351772
93.7067
53.414
-0.351772
55.4224
55.4224
93.6595
53.6056
-19.5118
53.1675
53.1675
-19.5118
92.7396
-23.8039
52.1328
-23.8039
91.2484
-29.2727
53.4078
-29.2727
90.0754
52.2969
-29.2727
-34.2545
-34.2545
-34.2545
89.9243
52.1318
-39.9005
54.8303
87.4611
53.7534
54.8303
86.166
53.7735
54.8303
56.2263
-57.0845
85.9792
53.9247
56.2263
56.2263
85.2922
53.97
56.2263
53.3318
53.3318
53.3318
84.7587
-75.6982
49.5689
84.4894
83.957
-75.6738
48.4909
-72.1769
83.9307
47.3815
-67.047
-67.047
47.3815
82.7088
-58.3079
-58.3079
-58.3079
44.0559
47.7797
-49.6725
-49.6725
-49.6725
-49.6725
80.8291
80.4073
48.6671
-40.5173
-40.5173
-40.5173
79.6201
48.8455
51.3752
-41.8564
79.396
49.5936
-45.2233
-45.2233
79.2449
50.0838
-54.602
72.285
50.7081
49.8408
51.1946
-64.276
-72.5145
-72.5145
49.1743
51.6304
-86.6435
35.8561
59.4009
55.4613
-98.1297
35.5763
52.4076
-106.156
55.4613
-106.156
55.4613
34.2763
53.2301
55.4613
53.4134
33.7907
53.4134
51.2238
-113.745
51.2238
21.7054
52.3892
-113.745
-113.745
20.8058
52.3892
51.1169
-113.745
-113.745
51.1169
7.10567
-112.262
1.27344
51.1169
50.0268
-109.408
-2.71792
-109.408
-102.546
-102.546
-3.48316
-102.546
-96.0746
-14.0368
47.7697
-96.0746
-96.0746
-16.9361
51.3212
-96.0746
-100.029
53.1119
-24.3659
51.8653
-24.6553
52.3132
48.9937
-104.213
-31.7056
-100.53
-100.53
-33.8016
48.9937
51.2026
-99.1963
-99.1963
-38.2639
49.5736
-99.1963
-38.8801
52.2172
52.2172
-40.2424
52.0148
49.5594
49.5594
49.5594
-43.2324
47.2818
47.2818
47.2818
-44.2534
-93.0668
46.2506
-93.0668
-93.0668
-93.0668
-44.3747
-87.2314
48.3147
48.3147
48.3147
-48.1531
-85.9605
-48.3547
54.1197
-90.0941
-49.5567
52.2343
54.1197
52.0469
-95.4526
-49.687
-100.714
54.2451
54.2451
54.2451
-49.8595
52.4736
-105.914
51.4682
-49.9659
-111.402
52.9632
-50.0237
54.0245
54.0245
-117.764
-51.2339
53.1608
-117.764
-125.726
54.0245
54.0245
-52.1483
53.4655
52.9815
-134.341
52.9815
52.9815
-52.7795
-134.341
-141.603
52.9815
-141.603
-53.1702
-146.922
-146.922
-53.4423
52.6402
52.6402
-53.905
51.5876
51.5876
51.5876
-156.508
-54.0105
51.5876
-160.636
-160.636
-54.0669
52.7166
-54.2229
51.539
-170.764
-170.764
-170.764
-170.764
-54.7612
-170.764
-55.1396
53.5634
-176.6
-185.507
54.0756
-55.1956
53.6607
55.1419
55.1419
-195.756
-55.2952
53.8709
52.6349
52.6349
-55.5649
52.6349
52.6349
-55.6748
52.6349
-217.162
53.9857
53.9857
-55.8841
52.5558
52.5558
52.5558
52.5558
-55.973
-225.711
-57.021
-225.711
48.9651
-223.127
48.9651
-58.039
48.9651
-218.937
-218.937
-218.937
46.0018
-59.0502
-213.857
-59.7426
-210.728
48.0506
-60.4363
48.0506
-207.751
46.725
46.725
-61.6449
46.725
-204.708
-204.708
-61.7654
46.725
-65.3235
46.725
48.0074
-65.711
50.5338
50.5338
-199.959
-65.755
48.2459
50.5338
50.5338
-203.264
-65.8511
49.4887
-203.264
49.4101
-206.077
-206.077
-67.5508
49.4101
-208.57
-69.0821
47.9486
47.9486
-69.9546
47.9486
-70.717
-72.5986
43.8027
-74.3533
-188.452
-188.452
-74.4597
-74.5447
-181.177
-174.141
-75.2027
44.8782
47.0693
-169.665
-75.9063
-169.665
44.588
-166.261
44.588
-77.3109
44.588
43.4837
43.4837
-79.4087
-148.82
-148.82
-80.0664
46.5422
-143.351
46.5422
-87.946
46.5422
44.5042
46.5422
-142.074
46.5422
-88.4088
44.7445
46.5422
-140.873
46.5422
-140.873
-89.2766
-135.069
43.2922
-135.069
43.2922
-90.0728
43.2922
-90.3448
-116.761
-92.8027
40.6765
-107.725
42.9037
42.9037
-107.725
-93.5102
-100.153
-100.153
-95.6614
46.2358
-95.5765
-95.5765
43.5104
-91.1455
44.1192
-91.1455
-91.1455
44.1192
43.6761
44.1192
45.1289
-85.2181
44.6515
45.1289
46.5674
-83.1896
-83.1896
46.234
-83.1896
47.8884
-83.1896
47.0406
-84.6546
-84.6546
47.1137
-89.5973
-89.5973
-84.9611
47.146
-100.012
50.9463
50.9463
-86.7646
47.5726
-100.012
52.0476
52.0476
52.0476
-88.001
47.8295
49.1524
-117.037
-88.9332
47.859
49.1524
-124.468
49.1524
-91.9431
-124.468
49.1524
49.1524
-93.1325
48.0174
-130.547
-137.673
49.1524
-137.673
-137.673
-93.1984
48.116
-147.056
51.9819
-147.056
51.9819
-97.0409
48.169
51.9819
-156.435
51.9819
-98.1227
48.5821
-156.435
-163.797
-163.797
-99.5609
-168.198
-168.198
-100.157
-168.198
-173.497
-100.806
48.5872
-183.825
-100.905
48.6087
-199.124
-101.297
48.6317
-216.338
54.6881
-102.169
48.7647
-232.411
-232.411
-103.101
48.7948
56.0521
-255.494
-103.469
48.9307
54.894
-103.883
48.9462
56.1627
56.1627
56.1627
-104.501
49.1492
-306.161
-306.161
51.9405
-104.689
49.299
-314.268
-314.268
-104.692
49.3666
-322.458
-322.458
49.037
-105.085
-331
-331
-105.252
49.6212
-339.606
-339.606
48.9841
-105.445
-344.618
-105.52
48.9841
50.1912
50.1912
-106.377
50.1912
47.4749
47.4749
-107.306
-360.048
46.2402
46.2402
-360.048
-108.374
-361.207
46.2402
-109.479
46.2402
47.6115
47.6115
-363.46
-109.708
-363.46
45.2857
45.2857
-111.424
-360.124
-112.122
-354.074
-112.857
-354.074
-113.331
37.6951
-330.481
-115.172
37.6951
-317.214
-317.214
-115.394
39.0431
-311.156
-115.564
40.1181
43.352
-305.684
-116.883
40.2561
43.352
-298.701
43.352
-298.701
-118.192
42.3147
-118.357
43.9536
-290.88
45.5244
-290.88
-290.88
-290.88
-120.1
44.1293
-121.633
44.2399
48.1571
48.1571
-290.817
-121.649
44.8018
48.1571
48.1571
-125.796
45.0172
-294.614
-294.614
-127.495
46.5917
46.5917
-128.794
44.1221
-294.489
-294.489
-294.489
-130.393
45.332
-294.489
-294.489
45.5548
-130.956
45.3541
-294.489
45.5548
-293.324
-293.324
-134.428
47.0063
47.0063
-293.324
-134.885
45.5637
43.3298
43.3298
43.3298
-146.12
-283.326
-283.326
-283.326
41.1803
-147.814
41.1803
43.881
-273.422
43.881
-273.422
-150.612
-273.422
46.1985
46.1985
-151.581
45.8392
-266.651
-266.651
-152.341
43.7994
46.0188
-152.94
44.3299
46.0188
43.421
43.421
-153.209
-252.564
42.3507
-252.564
-252.564
-153.73
40.9653
-241.759
-241.759
-153.906
42.063
-159.278
41.7437
-224.061
44.7827
44.7827
-161.923
41.9625
-217.864
42.5557
-217.864
-162.733
42.5557
42.0959
-207.777
42.5557
-164.103
42.5557
-200.177
42.5557
-200.177
-164.966
40.5388
40.5388
-170.103
-189.653
43.4857
-176.3
-170.163
43.4857
-169.835
44.7333
44.7333
44.2588
-163.335
-163.335
-163.335
-156.373
-156.373
-156.373
44.0381
47.1961
-153.385
44.7616
-152.38
47.1961
-152.38
44.8049
48.3051
48.3051
48.3051
44.8492
-150.92
45.8502
-149.521
45.9819
-149.521
48.6375
48.6375
-150.823
46.2074
48.6375
48.6375
-151.23
46.5286
48.6375
47.2811
-152.204
-152.275
43.3045
43.3045
-146.772
-136.154
-136.154
-125.984
-125.984
-115.673
-115.673
-108.569
46.1353
44.1088
-105.42
45.0963
44.6372
44.6372
44.6372
44.6372
-93.3696
-93.3696
44.6372
47.401
-89.5935
-89.5935
44.7794
-89.5935
48.6257
45.6383
-89.5935
-90.7664
48.6257
46.0246
48.6257
50.1003
50.1003
-91.328
46.2912
-92.9393
46.8908
-92.9393
-92.7909
46.5579
-89.9474
-89.9474
-89.9474
46.6103
48.3886
-91.0702
46.7871
52.1942
-95.2042
-93.081
46.9512
-99.6065
-99.6065
-93.2596
46.966
50.6969
52.1727
52.1727
-94.4003
47.0749
-103.821
-108.599
-94.5875
47.1359
-108.599
50.9384
50.9384
-94.6412
47.1982
-113.84
48.3063
-113.84
-94.9555
-113.84
47.2274
-115.932
-95.467
47.2366
-124.705
-96.3912
47.4063
-133.593
51.296
51.296
-99.5061
47.4419
48.6951
48.6951
48.6951
-102.665
47.5048
48.6951
-138.385
-104.782
47.536
44.4234
-105.641
46.6063
-133.104
46.6063
46.6063
-108.327
43.8032
43.8032
43.8032
-109.22
43.8032
-124.481
43.8032
-109.698
-119.248
43.8032
-111.519
-112.074
42.3037
42.3037
-99.184
-99.184
-99.184
43.3729
-90.0604
42.6467
44.6141
-85.6936
44.6141
42.664
-82.8456
-82.8456
-82.8456
43.8655
48.3476
-84.1198
-83.7092
44.711
48.3476
-87.8958
-83.715
47.0339
50.9504
-93.8604
-88.709
47.5382
-102.165
50.9504
50.9504
-89.7691
47.5525
-108.614
-108.614
-108.614
-108.614
48.1392
-92.3903
47.5831
-115.197
-115.197
52.3697
52.3697
-92.6328
47.7465
-125.042
-92.8906
48.0022
-135.566
-135.566
52.1945
-94.2883
48.0081
53.4438
-150.262
-150.262
-150.262
-98.7104
48.1199
-160.918
-99.7618
48.147
51.6555
-107.112
48.228
50.6066
-181.036
-113.475
48.3176
-189.559
-189.559
-115.945
48.3436
-199.167
51.7855
-199.167
-199.167
-199.167
-116.068
48.4102
51.7855
-210.333
-116.578
48.5253
51.7855
51.7855
-116.761
48.7376
50.4728
50.4728
50.4728
-230.89
-117.482
48.7844
49.3358
-238.584
-117.507
48.7931
-244.856
-120.388
48.8363
-255.625
51.9347
-120.58
49.1904
53.2707
-121.457
49.2493
53.2707
-282.226
-282.226
53.2707
-121.63
49.2725
-294.013
-294.013
-125.216
49.5732
-303.421
-303.421
-126.207
49.595
-311.581
-311.581
-311.581
-311.581
-126.857
49.6267
53.3683
-129.451
49.6309
-337.826
-129.568
49.7075
-351.167
53.3883
-129.97
49.7516
51.0584
51.0584
51.0584
-132.063
49.7709
-370.201
-370.201
-134.457
50.2643
-373.348
-373.348
-373.348
-136.079
50.0689
-380.063
51.4911
51.4911
51.4911
-137.834
50.0879
-387.218
49.1057
-387.218
-387.218
49.1057
-137.909
49.1057
-138.819
46.5749
-140.093
40.6341
-384.527
40.6341
-149.571
-374.815
-149.669
42.0963
-153.363
42.0963
42.0963
42.0963
-355.365
-153.824
39.4823
39.4823
-154.273
-326.921
-326.921
-155.357
36.8726
-156.05
37.875
-283.926
-157.13
36.8963
34.557
-265.469
-265.469
-265.469
-158.205
-238.941
-162.745
38.5725
43.7247
-222.859
43.7247
-170.697
39.2317
43.7247
43.7247
-208.667
-208.667
-170.781
39.8725
43.7247
43.7247
-194.288
43.7247
-170.987
40.1944
-183.69
-183.69
-171.705
40.4173
44.9462
44.9462
-172.566
40.6483
42.2272
42.2272
41.4065
-159.302
-159.302
-159.302
42.1431
46.9553
-151.948
-151.948
46.9553
42.6642
49.6438
-149.557
-149.557
42.7179
-148.549
-148.549
42.7356
-147.184
49.6624
-147.184
42.7595
-147.184
49.6624
49.6624
43.1778
49.6624
-147.184
-147.184
43.556
-149.906
51.8103
-149.477
43.7551
-155.763
51.8103
51.8103
-155.763
-149.485
44.1731
-161.421
-161.421
-161.421
-150.332
44.5917
55.9491
-171.35
-150.758
44.7662
53.1089
-181.318
53.1089
-152.329
45.7494
53.1089
-188.554
-188.554
53.1089
-152.592
45.9336
51.9488
-195.214
-152.635
46.0574
49.3754
-197.73
-197.73
-197.73
49.3754
-153.997
46.7256
50.5957
-198.878
50.5957
-161.835
46.88
50.5957
50.5957
-166.343
46.9075
-170.856
47.377
-202.322
-202.322
-172.577
48.2839
51.6004
-204.529
-204.529
-172.864
48.6334
50.2996
50.2996
-207.607
-173.941
48.9665
51.7126
-174.698
49.247
-215.585
-215.585
-174.704
49.5549
-222.916
-222.916
54.9176
-222.916
-177.805
49.7476
55.9988
55.9988
-178.207
49.8921
54.742
-247.844
-178.65
49.9381
55.9843
55.9843
-179.976
50.1143
-276.772
54.9481
54.9481
54.9481
54.9481
-180.533
50.2301
-286.948
-286.948
52.4984
-181.525
50.2898
-293.979
51.2785
-183.526
50.3257
-298.4
-298.4
-298.4
-184.07
51.6161
-302.751
-184.246
50.3858
50.2964
50.2964
-306.936
50.2964
-184.556
45.9433
45.9433
-185.091
43.001
43.001
-185.367
-287.996
-287.996
43.001
-186.044
43.001
-279.629
-186.117
-272.62
44.3319
44.3319
-187.176
44.3319
-265.242
44.3319
-265.242
-188.728
-257.372
-188.786
45.4621
-249.763
45.4621
45.4621
-189.855
44.7946
43.2567
43.2567
-190.158
41.8663
41.8663
41.8663
-190.347
41.8663
41.8663
-190.37
41.8663
41.8663
-205.206
41.8663
-192.163
36.4495
-194.882
35.4309
35.4309
35.4309
35.4309
35.4309
33.9362
33.9362
31.0575
31.0575
31.0575
-89.9866
-89.9866
28.6999
-62.7987
31.6095
31.6095
31.2611
-32.7224
30.4487
-32.7224
33.6327
-8.17992
-8.17992
33.2758
36.2621
33.6222
22.7574
39.8571
33.7499
39.8571
31.6201
35.6713
36.105
103.659
103.659
47.2971
36.3522
104.755
48.5756
104.755
37.5177
54.114
45.1723
54.114
54.114
101.163
37.7738
51.5027
51.5027
100.477
38.2709
52.6597
52.6597
52.6597
26.6777
100.075
39.4633
23.5197
23.5197
23.5197
96.9664
39.7682
21.1297
52.1753
96.9008
39.773
17.1005
50.9482
94.9708
40.6205
10.0729
10.0729
10.0729
93.8972
40.9743
6.39618
42.3982
41.4723
3.71519
46.7064
30.6042
41.8209
5.98114
30.0642
42.7167
44.4336
44.4336
44.4336
10.6308
23.1208
43.982
17.5905
47.2999
47.2999
21.4926
44.4408
47.2999
16.3166
19.7172
45.3157
44.9637
17.4538
44.9637
23.5811
23.5811
46.3087
46.3087
45.4663
44.9781
30.4608
30.4608
44.9781
46.1324
46.1324
46.1324
45.5653
35.8555
45.607
35.8555
45.8002
31.154
31.154
35.6411
46.0113
21.6864
51.3324
21.6864
51.3324
34.1735
46.4593
13.0584
32.1864
46.622
52.3971
52.3971
52.3971
52.3971
31.8128
47.4317
46.586
46.586
46.586
31.8022
-6.49611
43.8241
-6.49611
-6.49611
31.7408
43.8241
43.8241
43.8241
43.8241
30.9396
-2.78389
30.1571
0.630407
42.6583
30.029
44.0437
26.2488
40.8957
8.27035
25.8897
13.6592
13.6592
13.6592
23.5433
44.9077
15.9257
23.0707
44.8375
13.902
49.1412
13.902
49.1412
22.2801
45.3264
5.23999
19.1297
45.6832
-8.14366
-8.14366
51.6208
16.5735
46.8199
55.5055
55.5055
15.0747
47.5209
-41.6256
-41.6256
52.6059
-41.6256
14.8855
47.5662
-56.8061
52.6059
14.8641
47.6046
-74.059
53.9556
53.9556
14.2987
47.7045
51.6039
12.8859
47.7056
-96.3586
12.698
47.9742
49.4332
-103.84
49.4332
-103.84
49.4332
11.722
48.075
-109.634
10.2644
48.1562
49.5568
10.0258
48.1984
48.4486
-118.551
48.4486
9.52035
48.2522
-122.038
-122.038
-122.038
48.4486
9.28285
48.4014
47.0112
47.0112
8.06496
-124.438
7.23979
-126.955
49.1675
6.16018
48.4152
47.7143
5.7816
48.8067
48.8067
5.71736
48.7378
-141.338
47.6937
5.38513
46.4368
-144.256
5.09529
-144.256
-144.256
3.96513
-144.256
-144.256
46.7208
3.80893
46.3431
-145.655
46.7208
3.79859
-147.933
47.8376
-147.933
-147.933
3.33838
47.4112
-150.634
46.388
-150.634
3.19108
49.0218
-155.06
49.0218
49.0218
49.0218
0.293187
47.884
46.4947
-158.984
0.282825
48.627
48.627
-162.734
0.0376674
47.2367
-3.30789
46.4325
46.4325
46.4325
-3.97054
-168.213
44.4061
-168.213
-168.213
-4.48062
45.5437
45.5437
-6.0736
45.5437
45.5437
45.5437
-6.99441
-160.544
43.1551
-8.25864
39.5832
-150.62
39.5832
39.5832
-150.62
-10.1458
40.6506
40.6506
-10.7339
-127.226
-127.226
-13.0032
42.7964
-25.8268
40.735
40.3504
40.3504
-28.7745
-78.9579
-36.2533
-58.0445
42.3192
-36.8602
39.4536
38.0759
-44.0085
-32.8772
-32.8772
40.5789
45.0796
45.0796
-24.8528
-24.8528
40.6828
-18.6494
-18.6494
40.8059
-21.8947
42.856
48.4856
48.4856
-23.5061
43.0411
-28.3817
47.4705
47.4705
-23.5837
43.182
49.5918
49.5918
-25.7018
43.2904
-34.6638
-34.6638
-34.6638
-27.7432
43.4018
49.6005
49.6005
-28.8467
43.6547
-33.5735
44.2434
47.5732
-41.924
-41.924
-34.8491
44.354
48.7576
48.7576
-38.4631
48.7576
-35.7191
44.9643
45.1518
46.1562
46.1562
-27.8643
-19.2567
-19.2567
49.4752
-15.6108
46.7074
50.8402
-16.6672
50.8402
-15.9593
46.758
50.8402
-19.1245
-16.1575
47.478
49.7459
-20.3721
-20.3721
-19.9333
47.962
-21.5925
-21.5925
51.1083
-21.5925
-20.035
47.998
52.3602
52.3602
52.3602
-20.7376
48.1142
-28.1223
49.9436
49.9436
-21.462
48.127
51.3179
51.3179
-29.1441
51.3179
-22.4789
48.179
51.3179
51.3179
-27.9395
48.6032
-31.6556
-31.6556
-28.6007
48.7616
49.3047
48.7737
-25.767
48.1759
-25.767
49.1892
48.7948
47.712
-18.8393
46.4195
-13.0982
-5.04678
-5.04678
50.2593
50.2593
46.4737
-0.220378
-0.220378
49.0051
47.272
50.4836
48.0955
50.4836
48.169
50.4098
50.4098
5.92323
48.3442
7.36906
7.36906
49.3142
48.8227
8.7995
50.5585
8.7995
50.5585
48.8769
8.7995
8.7995
8.7995
49.0117
5.81815
5.81815
53.2416
5.81815
6.62427
49.2634
52.1588
1.71665
1.71665
1.71665
6.08919
49.345
55.1539
-4.07195
5.14211
49.4775
-10.1661
53.8164
1.39957
49.5308
-19.1323
-19.1323
56.5132
0.706738
49.6091
59.4795
59.4795
-31.8837
59.4795
0.211825
49.6139
-46.0572
56.9133
-0.399328
49.6519
-57.3576
56.9133
-57.3576
-0.878037
49.7221
56.9133
56.9133
-1.39283
49.7679
55.8131
55.8131
55.8131
-1.77283
49.8139
48.6006
48.6006
48.6006
-2.02006
-70.3318
44.4884
44.4884
-2.03589
-58.2716
-58.2716
41.7635
41.7635
-4.61734
-41.517
-41.517
41.7635
-5.22641
42.9495
-27.4615
-27.4615
-5.77831
-9.18866
-9.18866
-6.20129
41.8864
5.60319
41.8864
25.7702
41.8864
99.1837
116.212
116.212
42.5681
48.6113
125.678
48.6113
42.9625
52.3759
52.3759
126.768
43.2629
122.497
53.7369
125.676
44.0889
115.533
55.0916
124.555
44.5327
52.5804
52.5804
110.769
124.49
44.8855
108.259
122.483
44.9278
47.9335
54.9404
121.646
45.1488
54.9404
40.5225
40.5225
54.9404
119.522
46.1551
54.9404
114.364
46.2601
27.9706
53.6661
112.363
46.4797
23.6625
108.187
46.5264
21.212
52.1967
108.093
46.8308
52.1967
18.2994
18.2994
18.2994
18.2994
107.742
49.0881
53.3805
14.0859
14.0859
53.3805
105.49
49.8343
53.3805
53.3805
53.3805
96.9713
49.8418
52.3095
52.3095
4.91256
96.8218
49.8764
6.24357
46.6719
52.8364
52.8364
52.8364
39.9782
49.9841
31.8637
45.8778
45.8778
45.8778
10.3215
30.8598
14.1402
45.8778
26.1936
14.1402
44.6843
25.7601
19.9887
27.3961
43.3525
43.3525
27.3961
36.2028
98.6412
43.1627
46.8466
43.661
102.85
104.187
44.0727
45.3906
45.3906
106.506
106.506
45.3906
107.695
47.9758
46.9331
105.92
47.0265
49.3037
49.3037
100.772
103.71
47.6186
50.7857
43.0724
43.0724
103.494
43.0724
48.2605
52.0541
52.0541
102.946
48.3754
52.0541
29.4696
102.306
48.4718
50.7421
49.6336
49.6336
25.1905
101.818
49.1233
49.6336
49.6336
49.6336
99.6662
49.1984
21.3602
47.3698
98.8564
18.9994
18.9994
50.3105
98.8206
47.4225
49.1947
49.1947
98.2917
15.1299
97.9442
49.1947
50.3646
97.2446
50.0084
13.5128
13.5128
40.8967
13.5128
16.6023
47.8727
34.6649
16.6023
19.563
19.563
46.5062
46.5062
33.8321
46.5062
48.8642
48.8642
33.355
20.5865
46.756
21.6041
26.8048
25.6988
25.6988
25.6988
25.6988
50.0892
50.0121
19.4113
19.4113
25.542
50.0158
10.2875
54.1745
25.0597
50.0417
10.2875
24.4749
50.0591
55.5655
-19.8757
55.5655
23.9368
50.0686
-19.8757
-31.852
55.5655
23.6109
50.0696
-46.0748
55.5655
23.1157
50.0923
58.7076
-64.277
58.7076
-64.277
22.9352
58.7076
56.2288
56.2288
56.2288
-85.492
22.7984
50.164
56.2288
50.7543
-96.5183
22.5902
50.1781
50.7543
-100.466
-100.466
21.6468
45.1056
-99.3533
21.343
46.3375
-96.3774
21.3335
45.3507
46.3375
-96.3774
47.5693
20.6182
47.5693
-98.8197
48.6753
48.6753
48.6753
20.0392
45.7159
45.7159
19.3155
45.7159
-96.6473
42.7297
42.7297
19.1729
-88.2784
-88.2784
18.8912
-84.0864
-84.0864
44.3756
18.477
44.2036
45.4637
17.6996
44.2635
-82.0655
17.6484
-76.5352
17.5627
42.238
-72.3601
-72.3601
17.2246
-72.3601
-69.0053
42.238
-69.0053
16.6787
44.4857
44.4857
16.4818
43.1234
14.7924
-67.5797
-66.3172
-66.3172
-66.3172
14.5488
-66.3172
44.0866
13.9973
43.2617
13.2606
-69.1694
47.3088
-69.1694
11.6095
43.7508
-73.2609
10.9954
44.0948
46.2377
-76.0566
44.8282
10.647
44.6644
-77.3884
7.42226
44.8282
-77.3884
5.43125
5.40723
44.8488
50.4511
-90.4604
50.4511
50.4511
4.93476
44.9477
47.1826
-101.782
4.88224
45.1508
-112.255
49.3968
49.3968
4.72059
45.2233
-123.255
-123.255
2.28744
45.6651
46.7064
-130.701
-130.701
-6.70722
45.926
46.7064
46.7064
46.7064
46.7064
-8.28656
46.091
46.7064
-139.931
-8.63754
47.106
-144.212
-10.6897
46.2058
47.106
48.4635
-153.002
-12.5536
46.576
-153.002
-161.973
47.244
-15.2483
46.7757
-166.765
-166.765
47.244
-166.765
-16.6379
47.0454
-170.504
44.731
-170.504
-20.9545
45.86
-172.887
-20.96
44.7951
44.844
44.844
-22.8767
42.3671
-24.0788
-170.865
42.3671
-26.2588
42.3671
38.4638
-27.0586
34.419
34.419
-30.1179
-123.608
33.3726
33.3726
-123.608
-123.608
-30.3632
37.6898
-30.8112
35.7139
-74.238
34.7335
34.7335
-31.3726
33.3673
33.3673
-31.5621
-37.0026
-32.4011
-20.6672
-20.6672
37.5072
36.4162
40.0004
40.0004
36.5315
41.2531
41.2531
36.7522
41.2531
44.3694
8.02446
36.8578
8.02446
44.3694
44.3694
37.1833
9.47297
8.45094
9.3464
39.4112
46.8652
4.9686
4.9686
4.9686
46.8652
4.9686
4.9686
46.8652
6.74232
40.4361
6.52005
40.5515
-8.0111
49.9831
5.04702
40.9258
-8.0111
-18.8786
-18.8786
4.37308
41.9147
53.7545
1.67928
42.5753
55.0307
-45.272
-0.720926
42.8219
53.7228
-1.41133
43.7849
-77.1465
52.453
-77.1465
-1.58774
44.8602
-88.2794
52.453
-88.2794
-9.04435
43.7849
-99.1046
-9.17284
45.2755
-99.1046
-109.003
51.1776
-10.2173
45.4093
-118.596
-11.4975
51.1776
-129.959
51.1776
-21.2188
47.012
51.1776
48.9106
-138.88
48.9106
-21.2779
44.8602
-143.161
-143.161
46.3992
-22.18
46.3992
46.3992
-144.584
-22.2161
47.6693
-23.8125
47.2441
44.9229
44.9229
-32.4903
-144.187
-144.187
42.6481
-32.5312
41.4318
41.4318
41.4318
-33.0491
41.4318
40.1792
-33.0688
-112.204
37.3976
-33.7197
-94.9639
-94.9639
36.0649
-35.342
-80.7559
-80.7559
-35.5351
37.322
-67.2279
38.6663
-36.0454
37.7425
40.1373
-56.734
-36.7713
39.2807
-49.0522
-37.4622
39.5857
47.0947
47.0947
-40.6963
39.6956
47.0947
44.9423
-44.7721
44.9423
-40.7925
39.9358
43.4653
43.4653
41.2038
44.6578
44.6578
-36.2184
42.2488
44.6578
43.8515
44.6578
-28.2828
44.6578
-22.8639
43.5917
-22.8639
43.5917
43.5917
43.5917
-8.74484
42.5055
42.5055
42.5055
8.72617
42.5055
43.7162
42.5719
20.1217
20.1217
42.8222
46.2632
46.2632
22.4537
44.1508
22.4537
24.8134
45.2263
45.2263
45.0393
45.2263
45.2263
45.2263
45.1994
27.9985
115.428
115.428
115.428
41.3731
122.765
43.5691
130.265
133.509
133.509
133.509
133.509
44.2435
131.355
131.355
44.5233
49.9169
125.88
125.88
131.038
45.2083
125.88
48.7991
39.8119
129.581
45.3038
39.8119
34.7271
34.7271
126.754
45.443
51.2597
126.379
51.2597
14.0127
53.3587
121.182
45.8653
49.6394
49.6394
3.74357
3.74357
119.979
46.0523
3.74357
-2.46689
49.6394
-2.46689
118.888
46.1602
-2.46689
51.042
51.042
24.7194
46.2185
51.042
45.6516
45.6516
23.2284
-12.831
-9.66447
16.2874
44.761
44.761
15.6656
2.33395
44.761
44.761
2.33395
13.682
43.2809
9.58708
9.58708
11.1832
9.58708
44.3907
16.1992
43.6891
16.1992
47.0311
44.914
47.0311
45.777
19.5448
45.777
45.2403
19.5448
43.0455
43.0455
43.0455
45.7243
29.4202
29.4202
44.3239
45.456
40.0647
45.456
40.0647
40.0647
46.1274
46.7261
38.5828
46.7261
38.7237
46.5212
46.7261
117.589
44.7255
44.7255
117.589
43.4097
43.4097
43.4097
135.584
40.5343
147.661
147.661
147.661
43.0767
154.835
154.835
43.0767
43.0474
154.835
44.3175
43.561
41.8305
41.8305
166.737
39.7866
176.327
39.7866
42.902
42.902
42.902
187.242
192.81
192.81
42.902
197.743
43.9466
197.743
44.9634
44.3731
200.497
44.9634
44.9634
44.9634
44.9634
44.4653
207.639
207.639
41.428
42.5428
230.975
230.975
238.954
42.3787
238.954
42.3787
41.0995
41.0995
248.094
40.0563
40.0563
270.617
270.617
42.3714
40.4891
41.0773
41.0773
311.655
311.655
311.655
311.655
41.7894
45.8607
318.719
42.1722
45.8607
48.7149
48.7149
42.6984
46.4308
46.4308
321.673
42.7963
45.3382
43.8625
48.21
330.086
44.0005
48.21
44.6398
326.7
327.318
44.6452
46.8021
325.464
44.9365
43.8061
43.8061
43.8061
325.408
330.571
41.0893
41.0893
330.571
344.318
344.318
344.318
36.7679
344.318
36.7679
40.6913
36.8578
372.053
381.522
42.0319
42.0319
381.522
42.0319
388.17
393.378
393.378
393.378
396.429
44.9039
42.983
44.9039
393.565
44.0458
384.33
53.9797
393.279
44.9565
56.8126
56.8126
392.744
45.1617
53.6626
391.204
45.2128
335.936
54.7465
391.178
45.3118
54.7465
321.416
52.4344
52.4344
390.203
45.3463
321.416
389.719
45.4711
300.17
50.9701
389.388
45.4766
46.1099
296.244
296.244
389.199
45.5535
46.1099
44.9665
44.9665
387.903
40.4187
307.492
384.119
37.7917
37.7917
325.637
380.331
339.749
380.088
37.7618
358.126
37.7618
379.869
358.126
37.7618
379.843
398.279
37.7618
419.159
37.7618
40.8423
38.1974
40.8423
40.8423
441.918
38.9009
40.8423
42.3408
42.3408
451.067
39.4576
42.3408
42.3408
39.5601
42.3408
43.5852
468.973
43.5852
40.0411
43.5852
43.5852
43.5852
40.9825
42.0964
482.109
482.109
41.4784
482.109
489.19
489.19
489.19
41.8152
42.0964
496.488
44.191
496.488
42.0064
501.584
501.584
501.584
43.887
507.74
43.887
43.887
42.3155
43.887
510.473
45.2417
42.6631
510.473
511.49
45.2417
511.49
42.781
46.6521
46.6521
511.49
42.8425
511.49
46.6521
46.6521
46.6521
43.505
510.167
508.146
509.384
43.9809
47.6696
50.394
500.916
507.796
44.0026
493.027
49.1508
506.549
44.6295
49.1508
487.386
506.447
45.0403
47.9626
481.998
505.561
45.4511
47.9626
504.215
45.5838
47.9626
500.924
45.7345
45.1561
473.76
473.76
500.204
47.3378
472.515
472.515
499.712
45.7351
498.287
45.7857
466.129
46.0289
491.056
45.8624
466.129
44.8615
466.129
44.8615
488.285
467.395
44.8615
44.8615
467.395
485.634
467.395
468.647
480.981
44.8615
467.565
46.989
480.888
45.4746
467.565
477.097
45.9259
49.5612
474.36
46.0761
46.9754
452.373
46.9754
472.483
46.5417
48.1326
470.071
46.5915
444.771
44.3628
444.771
44.3628
469.444
444.771
446.005
446.005
468.991
46.9325
46.9325
444.667
467.663
46.6619
442.227
45.7037
466.263
442.227
442.227
466.055
46.5299
46.5299
440.916
465.962
440.916
42.7966
42.7966
465.384
43.8539
43.8539
465.204
39.7539
39.7539
465.163
448.403
456.341
456.341
41.2336
41.2336
465.067
41.2336
42.4494
460.625
464.201
41.8092
40.2357
467.653
476.126
476.126
42.947
481.558
42.947
41.8564
487.232
487.232
41.651
41.651
43.1132
42.9902
43.1132
497.619
502.163
502.163
43.1153
42.2896
44.2954
44.2954
43.0335
44.2954
509.29
509.29
513.511
43.5211
513.511
515.736
44.9006
44.9006
43.6388
515.736
43.4159
43.4159
40.8268
524.545
524.545
40.8268
39.7555
39.7555
39.7555
543.374
39.7555
39.7555
555.959
555.959
566.231
38.7368
38.7368
566.231
38.7368
38.7368
580.377
40.8441
597.792
597.792
607.326
40.2297
40.2297
40.2297
616.902
40.2297
616.902
630.036
39.2159
39.2159
39.2159
643.331
651.725
42.74
42.74
40.6102
43.9516
657.165
41.7904
660.673
43.9516
41.8631
664.848
664.848
42.7873
42.1306
42.7873
42.3056
42.7873
41.4901
679.559
41.4901
679.559
42.7545
687.541
687.541
41.6495
691.871
45.751
45.751
42.7461
49.3232
49.3232
42.7627
42.8546
48.2477
48.2477
702.609
702.609
43.0862
48.2477
705.41
48.2477
43.4279
43.4669
45.4257
705.192
43.7054
708.158
42.5491
708.158
708.158
43.8456
44.0877
44.0877
43.9054
719.88
719.88
40.0564
40.0564
739.387
41.3162
739.387
41.3162
39.8982
747.704
38.5499
38.5499
36.0434
36.0434
36.0434
798.989
37.149
34.3639
815.065
35.4564
834.53
38.6459
849.032
38.6306
858.811
858.811
38.8771
41.19
41.19
866.788
39.2138
873.37
873.37
873.37
39.8861
42.4732
40.0752
42.4732
880.805
43.97
880.805
43.97
40.4148
40.5562
878.419
879.891
40.8744
878.419
879.81
41.2127
876.032
42.7799
877.106
878.511
41.3012
881.419
42.7799
41.4863
42.7799
42.2799
44.1382
42.3557
43.8759
43.8759
42.7459
43.8759
45.2087
45.2087
42.8975
899.464
41.6398
41.6398
41.6398
41.6398
904.898
904.898
912.041
41.6398
920.075
40.4383
928.453
40.4383
937.552
941.948
941.948
41.29
43.5187
45.9877
940.839
941.847
42.8251
45.9877
47.3601
935.896
939.99
43.0494
935.896
928.821
939.211
43.1345
47.3601
939.135
922.248
43.2023
47.3601
935.852
43.5883
909.477
909.477
935.178
43.6014
46.3076
903.966
933.422
43.7561
46.5995
899.634
932.942
43.9827
46.5995
44.5334
44.5334
926.422
44.045
39.2842
905.682
926.133
39.2842
40.6343
40.6343
925.167
914.55
924.438
40.6343
40.6343
924.438
40.6343
924.438
